-9.435572248571095777e-01
-1.829041327331524247e-01
3.962117369440278924e-01
-3.458314973148390870e-01
7.560568314561133541e-01
-7.080909096259215829e-01
-6.521900035860268563e-01
7.525634395443738800e-01
-5.640945268000399082e-01
3.566588785317093002e-01
1.402798346493927539e-01
-5.470190381022803638e-01
3.385144300333118306e-01
6.825106898036299441e-01
6.845356442705818889e-01
6.409723249007788226e-01
-6.799425753244807691e-01
6.949439765670368807e-01
-7.258076778743343116e-01
7.834550235995725309e-01
9.840724566288738817e-01
-4.330513776591025099e-01
-2.887945672522707063e-01
2.612095366979085842e-01
-2.332799750324241472e-01
2.189709760473315114e-01
-3.844246295486408727e-03
1.765897243138017103e-01
-2.160315319071661744e-01
4.822841770171004683e-03
8.770689203692010327e-01
7.885231567164983080e-01
6.539632150603669203e-02
-1.286107087443812969e-01
-8.348331336379213319e-01
9.220774278208696551e-01
6.787424959903911592e-01
7.354666752518075334e-01
5.838363710979630472e-01
-5.053158478268171550e-02
-2.715060904629740257e-02
-6.108059312761986437e-01
-3.413690225096017716e-01
4.240671503699284806e-01
4.809686453765247283e-01
6.442294081717250265e-01
6.549902296652967415e-01
6.503329548469214405e-01
5.211433547377999354e-01
-4.120986087836728817e-01
7.109392257126090353e-01
1.568001686217024293e-01
2.221905867858575689e-02
1.707814347883283013e-01
4.109525350526239684e-01
-5.173606851929810624e-01
2.324371315154742934e-01
8.785166487599587182e-01
2.881125227109668785e-01
1.939767153432061519e-01
6.005455225452205337e-01
4.031965686248766279e-01
-8.072551518414836647e-01
-3.930173331199708908e-01
-4.502112154422330814e-01
-8.074807791564473369e-01
5.735567306849664870e-01
-5.665750478333420048e-01
-1.882906086645363963e-02
7.305687290189073479e-01
-4.798205090554379382e-01
9.535757981808179462e-01
-4.085963289255742925e-01
-4.316860169886678200e-01
2.704374171590995246e-01
3.671697864845162584e-01
9.302587729038356290e-01
-4.936730691667552406e-01
-2.103831862082718995e-01
-1.170740286787048667e-01
6.534202043341525989e-01
5.692319632946942765e-01
-6.321644876372944921e-02
6.597278561262274188e-01
-8.043582241887259343e-01
-1.565313987396632633e-02
-4.777583473592827978e-02
6.831045472563301857e-02
3.844426457681637821e-01
-3.382200908031820497e-01
8.384422651310552421e-01
2.632550995207805222e-01
-6.587125242273279557e-01
-3.010393381801401702e-01
2.927234627532113720e-01
8.826963757566850255e-01
2.236045608196286505e-01
4.990399926567870015e-01
-7.769032669717359507e-01
5.868556615206401705e-01
-7.935062570846371788e-01
6.432732938809415657e-01
-9.541868256182750585e-03
-1.490141773738686837e-01
-2.438279678809218698e-01
5.334656435935296592e-01
5.679131211674937063e-01
6.453438791982368805e-01
-4.040646525827134017e-01
-9.375233968974441279e-01
8.541313565432901989e-01
8.312606171436298652e-01
-2.217345350420678596e-01
-9.147395390439103657e-01
-4.213565806859753682e-01
2.611561196822083097e-01
-7.853248225025426521e-01
-6.495892941133158960e-01
-2.738008493055175130e-01
2.646299322096332673e-01
9.131352744037846136e-02
-4.510086569279401214e-01
-6.801743885665003653e-01
-1.850679031147712816e-01
-1.901086622555985262e-01
7.287074603132959183e-02
-1.246926834832386977e-01
2.099859034410700431e-01
-8.404654859552838087e-01
5.624790230756651077e-01
-9.884851760414723465e-01
-8.567496243033732028e-01
-8.252710000697187631e-01
-2.119559694377830539e-01
-8.889181165878583535e-01
1.443417318042299335e-01
1.830912778923576845e-01
7.887556409797975565e-01
-5.263727073032387072e-01
4.344333407113643020e-02
-2.402152393110439377e-01
5.024885930319131777e-01
-6.132741812668607295e-01
-9.069443137641035602e-01
-2.454563029023357767e-01
9.418868689074437750e-01
2.289076695854319610e-01
-2.755361538159517565e-01
-3.179829752275022958e-01
7.825313523717758457e-01
3.554716316502837259e-03
-4.880682863049328191e-01
9.848569468768133550e-01
4.469434612031815135e-01
-7.177621286641708842e-01
1.154091187643317973e-01
1.321343065135172079e-01
2.241060562687000601e-01
1.733339797091686396e-01
-1.013849209578276955e-02
3.731202764539138794e-01
1.920690941968401511e-01
-8.655489934046656231e-01
-4.389232392749997658e-01
8.379825008963859290e-02
-5.522972807882999824e-01
-6.077709168368574666e-01
4.652641883716879256e-01
-3.016741126171169629e-01
5.670570395357159565e-01
-1.728962017067576795e-01
-6.237251620430028787e-02
-7.554090400136532768e-01
4.752643734159576194e-01
3.602895046379244182e-01
-2.116140535942006018e-01
-8.310620103828714189e-01
-8.458400885641310651e-01
3.803111606780382736e-01
-6.933853997712458028e-01
8.436743760264000525e-01
-2.315061252466403818e-01
4.314880609194597927e-01
8.478836224405228439e-01
-1.598845492607174901e-01
-8.157979691386969545e-01
2.228286839551074650e-01
-4.887345583673685656e-01
-8.012541395726631155e-01
-4.989677409871133840e-01
4.193990168508188177e-03
-9.693075888328450684e-01
5.311538788716467785e-01
2.348165233098487015e-02
-4.080361535524863470e-01
-8.637763759254180052e-02
8.371690736239900676e-01
-3.499805877318651337e-01
5.443956805079857020e-01
-2.463280086047319184e-01
2.262336897028136562e-01
-9.228232384034043001e-01
-2.792998305742435683e-01
-9.867768215827898981e-01
-5.498002153881440535e-01
-3.551360067673898779e-01
-5.386390854614773183e-01
-5.489331870541886982e-01
8.195091389874691323e-01
-7.849458964639972613e-01
-7.993876263587924580e-01
-5.039594599103054406e-01
-1.736594667843536222e-01
2.682628698662850031e-01
-7.443793120368802363e-01
4.128252863752792656e-01
3.747130227843298300e-02
6.990343832406742397e-01
-1.244098003780016448e-01
8.569370057934746487e-01
1.126315383930989178e-01
-5.977472780661119423e-01
-6.937051061930163964e-01
-1.274879048985648744e-01
5.519255706115835380e-01
-8.958549374540181187e-01
7.026365616090946009e-01
-9.301066404605151661e-03
-4.093756589086976483e-01
4.802832935321608154e-01
2.849856178784548888e-02
-9.307828790558649867e-01
-9.666589539946299769e-01
7.774049061505328151e-01
-8.908530973287120958e-02
-6.649400299657204361e-01
-2.728739265436397332e-01
-1.986901803171223779e-01
-7.577369109538845127e-01
-9.627841832428836177e-01
-3.119378517918489635e-01
-1.289540987425130680e-02
-7.572741542063021747e-02
5.502295435011235192e-01
3.635933405866385026e-01
6.602914060927209672e-01
1.792020184851850217e-01
1.758407457814803454e-01
2.894736201665242259e-01
-4.239682772179733661e-01
-2.424232919884636850e-01
6.678099444408152063e-01
-2.326876228182856998e-01
8.720074030614060057e-01
-4.391190184397093521e-01
3.137859883539915185e-01
9.561837552367919990e-01
8.810052317453800352e-01
6.939045619446642110e-01
6.313190190342492514e-01
2.958864825869929049e-01
2.986731818469499089e-01
3.485476252701502631e-02
6.187487116107814877e-02
9.241821781455241691e-01
